67	71	25.5	14.1
51	77	26.3	15
57	77	26.5	13.7
54	70	27.7	15.3
59	70	25.4	13.9
59	70	25.9	13.6
63	94	27	14.3
65	24	27.8	15
50	86	28.1	15.6
64	60	26	13.8
50	68	22.5	9.4
52	66	22.2	10.2
49	54	21	9.7
45	60	21	8
45	67	23	8.3
46	58	23.9	10.3
56	74	25.1	13
54	55	25.1	10
43	56	24	9.8
47	69	23.8	10.1
46	64	23.8	9.6
46	64	23.8	9.6
44	62	23.2	9.8
49	64	23.2	9.8
54	57	24.5	10.2
52	63	25.6	10.2
47	70	26.6	11.4
50	59	27.5	10.9
41	56	25.2	10.4
43	61	27	11.3
38	59	25.6	10.5
47	53	26.2	10.8
45	100	28.4	11.8
45	46	30.1	13.8
40	65	28.2	12.8
37	63	29.2	12.4
41	81	32.6	20
47	46	32	18.6
36	49	32	17.8
40	41	29.4	15.8
31	96	28.2	17.3
56	51	29	16.8
50	44	28	18
43	54	26.3	14.6
44	59	27	16.2
68	71	30.6	18.4
35	52	30.4	15.7
41	59	30.9	20.1
47	96	29.6	21
63	67	30.4	23.4
37	40	29.5	11.9
34	56	23.5	11.5
36	64	27	14.5
65	72	28.6	17
35	59	26.7	13.5
38	49	26.4	14.7
32	49	28.2	14
38	60	29.2	14.6
32	73	32	19
40	80	34.4	20.8
31	94	34	19.6
33	35	33	18.8
28	26	31.2	18
28	36	30.9	16
29	55	32.2	19
26	71	32.6	18.1
39	86	33	19.6
39	70	32.8	21.9
31	44	33.8	19.2
44	79	34	22
53	63	28.4	19.6
43	71	29.8	18.6
62	57	31.4	17.6
40	41	32	19.6
35	56	33.7	21.6
35	64	34.4	21.5
32	56	33.4	20.6
38	95	34.4	23
34	89	35.4	23.5
23	38	35.7	22.8
25	64	36.2	24.7
33	47	27.4	24
31	38	27.6	24.8
31	43	36.2	23.2
30	57	35.3	25.2
29	38	36.2	22.8
34	46	36.5	21.8
41	45	33.2	23
76	66	26.4	19.2
35	77	31.4	20.4
53	75	32.7	23.1
33	65	35.3	25.4
53	52	37.8	24.1
26	70	36.6	25.4
26	73	34.7	24.8
26	68	36.2	24.7
18	25	35.7	20.7
17	59	36	21.4
26	69	37.3	24.4
36	78	38.9	24.3
66	50	37.3	25.5
55	59	39	25.8
37	68	36.9	26.1
26	67	38.1	26.1
53	69	38.1	25.5
29	69	39.4	26.4
70	72	36.3	26.3
68	67	35.6	26
66	72	37.3	26.4
70	71	35	26.4
58	61	37.7	25.8
61	81	39.8	26.2
53	81	40.6	25.6
63	70	38.8	26.6
58	67	39.2	25.7
64	79	38	26.9
55	64	37.8	27.4
75	73	37.6	24.4
65	76	36.3	26.6
86	76	35.7	21.7
69	75	36.4	26
67	61	36.2	27.6
70	74	35.6	28.4
67	59	39	27.8
63	76	41.8	27.3
67	79	41.6	26.8
59	66	40.9	28.5
48	68	40.7	27.8
21	67	40.7	27.9
18	68	40.2	27
42	65	38.2	26.4
59	62	37.2	27.2
53	68	36.4	27.4
65	71	35.4	21
64	75	34.4	27.7
72	81	34.5	24.3
73	81	34	27.6
90	87	31.2	24.6
67	72	34	26
53	64	35.5	26.6
48	70	36	26.6
54	61	36.2	27.2
46	72	36.5	26.6
63	58	34.4	25.2
61	87	35.3	26.1
83	90	32.6	25.4
67	77	34.2	27.2
65	76	34.3	22.1
65	73	34.4	27.2
62	73	34.2	26.9
66	73	34.4	26.8
69	78	34.8	23.2
67	78	34.8	23.2
68	76	34.4	28
67	80	34.6	24
67	66	34.4	27.5
60	71	36.9	27.7
61	80	38.5	27.9
50	61	36.6	28.4
59	77	35.9	27.6
81	83	33.6	26.5
85	85	29.3	26.4
79	85	30	25.6
82	75	32	26.3
75	81	31.9	22.6
81	82	27.7	24.2
77	75	31	25.8
83	83	33.4	25.5
89	87	31.3	25.1
85	85	29.3	24.6
76	81	32.9	26.8
70	75	33.6	27.4
77	71	32.2	27.1
77	79	33.2	27.1
86	75	34	26.2
62	75	33.1	27.1
77	78	32.8	26.4
74	78	32.5	25.4
79	85	32.4	27.4
92	92	29.3	26.5
85	81	30.8	27
80	78	32.7	25.9
93	91	32.2	25.5
97	86	31	26.2
82	86	31.7	25.3
85	76	31.4	26.9
74	73	32.7	26.6
74	75	34	27.4
76	73	34.7	27.5
84	80	34.5	24.6
89	81	34	26.6
93	87	31.7	24.5
83	82	29.8	25.1
61	73	33.4	26.8
77	73	33	26.6
64	73	33.7	27.6
75	88	34.7	24.1
81	75	33	24.6
75	79	33.4	27.6
70	78	33.2	27.3
69	81	32.8	25.7
79	82	33.2	26.5
78	81	31.9	25.8
71	76	33.2	26.8
79	78	34.3	26.4
75	89	33.5	25.6
79	95	31.4	25.4
93	83	26.6	25.5
77	95	30.7	25
95	96	26.5	23.9
92	92	26.4	24.2
82	90	31.5	25.3
96	87	31	25.6
86	86	31	25.7
78	80	32.6	25.2
75	74	31.6	25.6
77	79	32.8	26.6
78	77	31.7	26.7
75	75	33.6	26.8
78	78	33.5	26.7
82	78	32.8	26
70	83	31.5	26.4
74	79	33	26.7
72	78	33.4	26.8
94	83	32.5	26.3
78	78	32.5	26.3
86	74	31.2	24.8
74	85	32.6	26.4
69	75	33.2	27.2
75	76	33.8	27
78	76	33.4	26.8
76	81	33	26.6
89	85	31.8	26.3
89	85	31.4	26.5
81	83	33	26.8
74	77	33.8	27.3
74	81	34.1	27.1
70	78	34.4	27.2
86	76	32.4	26.2
72	86	32.9	26.6
92	83	32	24.7
80	76	33.5	27.4
71	71	34.8	28.2
85	83	33	27
95	83	29.8	23.4
72	74	34	26.6
92	88	34	25.1
66	71	34	27
66	71	34	27
89	83	33.6	26
86	93	31.9	25.6
85	95	29.3	25
92	93	27.5	25.4
78	77	31	26.4
76	72	33.4	26.6
83	72	33.8	26.8
73	75	34	27.2
76	72	33.4	26.6
76	75	33.2	26.6
93	77	32.1	25.1
75	78	34.4	24.5
89	79	33	25.2
90	86	31	24.8
87	85	32.2	25.6
90	92	32.7	25.3
85	92	29.1	24.6
87	90	29.6	23.8
86	82	31.2	25.5
78	75	31.8	26.2
75	81	32.4	27.1
63	77	34.7	27.1
83	77	34.4	27
65	71	34.7	26.4
85	80	33.8	25
90	89	34.1	23.5
85	75	31.2	25.6
83	85	32.8	25.7
84	73	30.9	26
93	79	32.7	24.6
87	87	32.2	24.1
74	78	32.6	25.1
77	74	32.4	25.1
71	76	32.3	25
71	75	32.3	24.8
68	75	33	26
93	90	33.4	23.6
90	93	28.3	23.2
82	85	30.8	23.8
78	92	31.8	24.3
76	73	31.6	24
72	64	31.5	24.4
73	90	31.4	24.1
85	91	30.6	21.6
87	88	26.6	23.3
87	86	27.7	23.5
78	90	30.4	23.5
74	84	31.4	22.8
66	66	32.2	23
67	61	32.6	21.8
62	68	31.6	21.6
63	70	31.2	21.5
70	71	30.8	21.4
66	52	30.5	21
56	70	32.1	20
53	54	32.5	20.2
59	55	33	20.6
59	59	33	21.6
49	57	31.4	18.8
53	60	29.5	16.8
53	57	29.6	16
61	65	29	16.8
64	72	28.8	17.3
66	62	29.4	18.8
68	68	30.5	19.4
65	80	30	19
55	82	32	18.6
65	90	33	21.6
63	83	30.6	19.4
49	68	29	16.5
61	72	29.8	18.8
71	86	29.4	19.2
62	69	29.6	18
55	64	30	16.7
59	64	28.3	16.8
60	59	28.6	16.2
59	71	28.8	16.6
58	59	29.6	17
58	71	30.8	19
51	72	27.8	17.3
61	67	28.4	17.7
51	61	28.7	17.4
57	69	27.9	15.1
54	60	28	14.5
55	57	28	13.2
50	53	27.3	14.1
58	69	26.4	12.1
59	67	25.6	11.5
57	62	26	12
59	67	26.3	11.4
62	78	26.7	12
58	68	27.3	12.6
60	73	27.6	12.8
60	79	27.2	13.4
65	65	26.3	12.5
60	68	26	13.8
63	64	26.6	13
58	57	26.6	14.8
57	63	27.4	15.4
61	62	28.4	14.3
61	75	27.5	14
62	85	27.8	14.7
65	85	27.3	14.6
64	89	28.4	13.4
63	90	28.6	16.4
64	86	27.4	15.9
70	73	27.6	17.1
85	82	18.5	12.9
71	78	23.2	13.2
62	70	24.6	10.5
63	80	23	9.3
57	61	22.3	12.4
44	59	27	16.2
68	71	30.6	18.4
16 12 1989	64	26.6	13
17 12 1989	57	26.6	14.8
18 12 1989	63	27.4	15.4
19 12 1989	62	28.4	14.3
20 12 1989	75	27.5	14
21 12 1989	85	27.8	14.7
22 12 1989	85	27.3	14.6
23 12 1989	89	28.4	13.4
24 12 1989	90	28.6	16.4
25 12 1989	86	27.4	15.9
26 12 1989	73	27.6	17.1
27 12 1989	82	18.5	12.9
28 12 1989	78	23.2	13.2
29 12 1989	70	24.6	10.5
30 12 1989	80	23	9.3
31 12 1989	61	22.3	12.4