13 2

Date       Pressure      vapour    rel hum  temp     rain   radiation
01 01 1989 1013.9 1018.9 15.8 15.1 067 071 25.5 14.1 000.0
02 01 1989 1015.5 1017.5 14.3 16.5 051 077 26.3 15.0 000.0
03 01 1989 1013.8 1017.5 15.2 16.9 057 077 26.5 13.7 000.0
04 01 1989 1013.8 1017.9 15.1 14.9 054 070 27.7 15.3 000.0
05 01 1989 1014.1 1017.0 15.8 15.2 059 070 25.4 13.9 000.0
06 01 1989 1012.6 1014.6 15.3 15.8 059 070 25.9 13.6 000.0
07 01 1989 1011.6 1014.6 17.4 19.4 063 094 27.0 14.3 000.0
08 01 1989 1010.1 1016.0 19.7 20.6 065 024 27.8 15.0 000.0
09 01 1989 1011.7 1014.3 15.5 19.5 050 086 28.1 15.6 000.0
10 01 1989 1010.5 1015.6 17.8 11.4 064 060 26.0 13.8 000.0
11 01 1989 1011.6 1015.4 10.9 11.6 050 068 22.5 09.4 000.0
12 01 1989 1012.1 1016.7 10.8 11.2 052 066 22.2 10.2 000.0
13 01 1989 1015.2 1020.4 09.7 09.3 049 054 21.0 09.7 000.0
14 01 1989 1015.5 1017.5 08.7 10.7 045 060 21.0 08.0 000.0
15 01 1989 1012.7 1017.6 08.9 11.1 045 067 23.0 08.3 000.0
16 01 1989 1012.6 1016.5 10.8 11.0 046 058 23.9 10.3 000.0
17 01 1989 1011.5 1015.7 13.5 14.1 056 074 25.1 13.0 000.0
18 01 1989 1011.7 1016.2 11.9 10.7 054 055 25.1 10.0 000.0
19 01 1989 1012.6 1014.8 09.9 10.1 043 056 24.0 09.8 000.0
20 01 1989 1010.5 1013.9 10.9 12.8 047 069 23.8 10.1 000.0
21 01 1989 1009.3 1015.4 10.9 10.9 046 064 23.8 09.6 000.0
22 01 1989 1012.1 1015.4 10.9 10.9 046 064 23.8 09.6 000.0
23 01 1989 1009.6 1013.7 10.2 10.6 044 062 23.2 09.8 000.0
24 01 1989 1009.3 1013.8 11.3 12.4 049 064 23.2 09.8 000.0
25 01 1989 1010.4 1014.5 12.9 10.9 054 057 24.5 10.2 000.0
26 01 1989 1011.6 1015.4 12.5 10.7 052 063 25.6 10.2 000.0
27 01 1989 1012.8 1016.2 12.9 13.6 047 070 26.6 11.4 001.8
28 01 1989 1012.3 1017.4 14.1 11.5 050 059 27.5 10.9 000.0
29 01 1989 1013.3 1016.7 11.5 11.2 041 056 25.2 10.4 000.0
30 01 1989 1013.5 1017.7 11.6 11.9 043 061 27.0 11.3 000.0
31 01 1989 1013.4 1016.3 10.1 11.5 038 059 25.6 10.5 000.0
01 02 1989 1012.5 1015.0 13.0 11.8 047 053 26.2 10.8 000.0
02 02 1989 1010.7 1013.5 13.6 16.6 045 100 28.4 11.8 000.0
03 02 1989 1009.5 1013.5 14.7 12.2 045 046 30.1 13.8 000.0
04 02 1989 1008.9 1012.3 13.2 15.4 040 065 28.2 12.8 000.0
05 02 1989 1007.6 1010.2 12.5 16.8 037 063 29.2 12.4 000.0
06 02 1989 1006.4 1010.5 14.3 23.4 041 081 32.6 20.0 000.0
07 02 1989 1007.9 1013.4 18.1 13.7 047 046 32.0 18.6 000.0
08 02 1989 1010.7 1015.1 14.3 13.2 036 049 32.0 17.8 000.0
09 02 1989 1012.2 1017.1 13.6 10.6 040 041 29.4 15.8 000.0
10 02 1989 1013.5 1016.9 12.4 22.5 031 096 28.2 17.3 000.0
11 02 1989 1012.7 1016.7 18.1 12.8 056 051 29.0 16.8 000.0
12 02 1989 1012.1 1015.6 15.8 11.1 050 044 28.0 18.0 000.0
13 02 1989 1011.5 1015.7 12.7 11.9 043 054 26.3 14.6 000.0
14 02 1989 1010.7 1012.9 13.8 14.5 044 059 27.0 16.2 000.0
15 02 1989 1007.3 1010.4 23.4 19.7 068 071 30.6 18.4 000.0
16 02 1989 1007.3 1012.0 13.4 15.3 035 052 30.4 15.7 000.0
17 02 1989 1008.4 1013.1 15.2 17.1 041 059 30.9 20.1 000.0
18 02 1989 1010.2 1013.7 16.3 25.5 047 096 29.6 21.0 000.0
19 02 1989 1008.0 1009.4 22.9 23.5 063 067 30.4 23.4 000.0
20 02 1989 1010.6 1018.7 10.7 08.5 037 040 29.5 11.9 000.0
21 02 1989 1014.6 1015.8 08.5 12.3 034 056 23.5 11.5 000.0
22 02 1989 1010.5 1012.4 11.0 16.7 036 064 27.0 14.5 000.0
23 02 1989 1008.8 1015.1 20.4 16.9 065 072 28.6 17.0 000.0
24 02 1989 1013.2 1017.5 10.6 13.6 035 059 26.7 13.5 000.0
25 02 1989 1012.5 1014.9 11.3 12.0 038 049 26.4 14.7 000.0
26 02 1989 1011.3 1016.0 11.7 13.1 032 049 28.2 14.0 000.0
27 02 1989 1012.3 1015.2 12.9 16.0 038 060 29.2 14.6 000.0
28 02 1989 1011.7 1014.1 12.7 23.1 032 073 32.0 19.0 000.0
01 03 1989 1009.4 1012.5 18.3 23.5 040 080 34.4 20.8 000.0
02 03 1989 1007.6 1011.2 14.4 25.0 031 094 34.0 19.6 000.0
03 03 1989 1007.6 1012.2 14.5 11.4 033 035 33.0 18.8 000.0
04 03 1989 1008.5 1013.1 10.9 08.2 028 026 31.2 18.0 000.0
05 03 1989 1008.3 1011.7 10.9 10.7 028 036 30.9 16.0 000.0
06 03 1989 1007.5 1011.9 11.8 16.7 029 055 32.2 19.0 000.0
07 03 1989 1008.0 1014.0 10.5 23.2 026 071 32.6 18.1 000.0
08 03 1989 1009.6 1013.9 16.6 25.8 039 086 33.0 19.6 000.0
09 03 1989 1009.3 1014.3 17.0 23.7 039 070 32.8 21.9 000.0
10 03 1989 1011.1 1013.5 12.4 16.0 031 044 33.8 19.2 000.0
11 03 1989 1009.8 1013.2 13.9 25.0 044 079 34.0 22.0 000.0
12 03 1989 1012.0 1014.2 16.3 17.0 053 063 28.4 19.6 000.0
13 03 1989 1009.0 1012.7 16.1 21.7 043 071 29.8 18.6 000.0
14 03 1989 1008.2 1013.2 20.5 17.9 062 057 31.4 17.6 000.4
15 03 1989 1008.9 1012.6 16.5 15.2 040 041 32.0 19.6 000.0
16 03 1989 1007.9 1011.7 15.5 18.0 035 056 33.7 21.6 000.0
17 03 1989 1007.1 1011.2 15.9 23.5 035 064 34.4 21.5 000.0
18 03 1989 1006.8 1010.8 14.6 19.6 032 056 33.4 20.6 000.0
19 03 1989 1004.7 1008.9 17.4 27.9 038 095 34.4 23.0 000.0
20 03 1989 1004.5 1008.2 16.5 30.2 034 089 35.4 23.5 000.0
21 03 1989 1002.8 1007.9 14.8 16.2 023 038 35.7 22.8 000.0
22 03 1989 1002.8 1005.9 13.5 25.3 025 064 36.2 24.7 000.0
23 03 1989 1001.4 1005.7 17.9 19.9 033 047 27.4 24.0 000.0
24 03 1989 1001.1 1007.1 16.6 15.6 031 038 27.6 24.8 000.0
25 03 1989 1003.6 1010.1 18.3 18.9 031 043 36.2 23.2 000.0
26 03 1989 1006.8 1010.2 14.4 24.1 030 057 35.3 25.2 000.0
27 03 1989 1006.5 1010.5 14.8 16.3 029 038 36.2 22.8 000.0
28 03 1989 1007.9 1013.8 17.6 16.9 034 046 36.5 21.8 000.0
29 03 1989 1009.7 1013.2 17.5 14.1 041 045 33.2 23.0 000.0
30 03 1989 1009.0 1012.2 20.2 17.9 076 066 26.4 19.2 001.9
31 03 1989 1008.2 1012.8 17.5 18.1 035 077 31.4 20.4 000.0
01 04 1989 1008.1 1009.5 21.8 28.9 053 075 32.7 23.1 000.0
02 04 1989 1002.6 1005.1 17.1 26.7 033 065 35.3 25.4 000.0
03 04 1989 1000.8 1007.6 25.9 21.7 053 052 37.8 24.1 000.0
04 04 1989 1004.3 1009.6 12.9 28.6 026 070 36.6 25.4 000.0
05 04 1989 1005.0 1008.2 12.3 28.3 026 073 34.7 24.8 000.0
06 04 1989 1003.2 1008.3 13.4 26.3 026 068 36.2 24.7 000.0
07 04 1989 1004.3 1009.0 09.1 11.2 018 025 35.7 20.7 000.0
08 04 1989 1003.6 1008.4 09.0 24.0 017 059 36.0 21.4 000.0
09 04 1989 1003.2 1006.1 14.1 29.3 026 069 37.3 24.4 000.0
10 04 1989 1001.6 1005.7 21.0 30.7 036 078 38.9 24.3 000.0
11 04 1989 1000.7 1004.7 31.1 22.9 066 050 37.3 25.5 000.0
12 04 1989 1000.3 1007.6 28.4 25.3 055 059 39.0 25.8 000.0
13 04 1989 1004.2 1009.7 19.6 29.1 037 068 36.9 26.1 000.0
14 04 1989 1004.9 1009.4 14.7 28.4 026 067 38.1 26.1 000.0
15 04 1989 1004.7 1008.3 29.3 30.0 053 069 38.1 25.5 000.0
16 04 1989 1002.3 1005.3 16.5 31.1 029 069 39.4 26.4 000.0
17 04 1989 1000.7 1004.5 32.1 31.9 070 072 36.3 26.3 000.0
18 04 1989 1002.0 1007.3 33.0 29.3 068 067 35.6 26.0 000.0
19 04 1989 1003.9 1008.0 34.0 31.1 066 072 37.3 26.4 000.0
20 04 1989 1003.9 1006.5 32.1 32.6 070 071 35.0 26.4 000.0
21 04 1989 1003.5 1006.0 31.1 28.8 058 061 37.7 25.8 000.0
22 04 1989 1001.2 1004.0 33.2 34.4 061 081 39.8 26.2 000.0
23 04 1989 0999.7 1004.2 30.9 34.0 053 081 40.6 25.6 000.0
24 04 1989 1000.6 1005.4 31.9 33.2 063 070 38.8 26.6 000.0
25 04 1989 1001.6 1006.2 31.1 30.9 058 067 39.2 25.7 000.0
26 04 1989 1002.2 1005.7 32.1 34.0 064 079 38.0 26.9 000.0
27 04 1989 1001.9 1005.4 27.9 32.2 055 064 37.8 27.4 000.0
28 04 1989 1002.9 1005.6 33.6 31.7 075 073 37.6 24.4 001.6
29 04 1989 1002.2 1004.1 31.9 29.1 065 076 36.3 26.6 000.0
30 04 1989 0999.4 1003.7 22.9 34.2 086 076 35.7 21.7 024.6
01 05 1989 1003.1 1007.8 30.0 33.6 069 075 36.4 26.0 000.0
02 05 1989 1004.0 1005.4 30.4 30.9 067 061 36.2 27.6 000.0
03 05 1989 1001.6 1004.6 32.8 35.0 070 074 35.6 28.4 000.0
04 05 1989 0999.8 1004.8 36.7 31.3 067 059 39.0 27.8 000.0
05 05 1989 0999.9 1004.9 36.5 36.3 063 076 41.8 27.3 000.0
06 05 1989 1000.6 1005.0 35.0 35.9 067 079 41.6 26.8 000.0
07 05 1989 1001.5 1005.6 34.6 33.0 059 066 40.9 28.5 000.0
08 05 1989 1001.2 1005.7 30.4 34.2 048 068 40.7 27.8 000.0
09 05 1989 1000.5 1003.8 14.3 33.8 021 067 40.7 27.9 000.0
10 05 1989 0997.5 1002.8 11.5 32.1 018 068 40.2 27.0 000.0
11 05 1989 0998.9 1004.4 24.3 30.5 042 065 38.2 26.4 000.0
12 05 1989 1001.4 1006.6 30.4 28.9 059 062 37.2 27.2 000.0
13 05 1989 1001.1 1004.6 27.6 36.5 053 068 36.4 27.4 000.0
14 05 1989 1000.5 1004.7 30.2 28.4 065 071 35.4 21.0 010.0
15 05 1989 0999.8 1002.2 30.7 34.4 064 075 34.4 27.7 000.0
16 05 1989 0998.4 1004.6 32.4 34.4 072 081 34.5 24.3 001.8
17 05 1989 1000.8 1005.3 33.0 34.8 073 081 34.0 27.6 002.5
18 05 1989 1002.9 1007.1 29.7 28.6 090 087 31.2 24.6 006.3
19 05 1989 1002.0 1005.7 29.3 32.4 067 072 34.0 26.0 000.0
20 05 1989 1000.2 1003.9 27.6 30.4 053 064 35.5 26.6 000.0
21 05 1989 0998.6 1001.4 26.9 32.8 048 070 36.0 26.6 000.0
22 05 1989 0997.3 1000.2 28.8 30.7 054 061 36.2 27.2 000.0
23 05 1989 0996.6 1000.2 26.1 33.2 046 072 36.5 26.6 000.0
24 05 1989 0997.1 0999.4 28.8 29.8 063 058 34.4 25.2 003.0
25 05 1989 0997.5 0999.7 28.1 30.7 061 087 35.3 26.1 002.1
26 05 1989 0997.1 0996.0 30.5 31.1 083 090 32.6 25.4 010.2
30 05 1989 1001.7 1006.1 30.9 33.0 067 077 34.2 27.2 000.0
31 05 1989 1003.4 1007.7 30.2 28.6 065 076 34.3 22.1 020.7
01 06 1989 1003.6 1006.9 30.2 32.4 065 073 34.4 27.2 000.0
02 06 1989 1002.3 1005.4 28.9 32.1 062 073 34.2 26.9 000.0
03 06 1989 1000.4 1003.9 31.5 34.4 066 073 34.4 26.8 000.0
04 06 1989 0999.9 1003.0 33.6 31.1 069 078 34.8 23.2 038.8
05 06 1989 1000.2 1003.0 31.9 33.6 067 078 34.8 23.2 038.8
06 06 1989 0999.4 1002.4 31.5 34.2 068 076 34.4 28.0 000.0
07 06 1989 0998.6 1003.7 31.7 35.4 067 080 34.6 24.0 001.0
08 06 1989 0999.8 1003.5 32.4 29.8 067 066 34.4 27.5 004.2
09 06 1989 0998.4 1001.0 32.4 34.8 060 071 36.9 27.7 000.0
10 06 1989 0995.5 1000.4 29.3 36.9 061 080 38.5 27.9 000.2
11 06 1989 0995.6 1000.2 28.3 30.7 050 061 36.6 28.4 000.0
12 06 1989 0995.8 0998.6 30.4 32.6 059 077 35.9 27.6 000.0
13 06 1989 0996.0 0997.0 32.6 32.2 081 083 33.6 26.5 011.9
14 06 1989 0993.2 0991.3 34.0 31.5 085 085 29.3 26.4 035.8
15 06 1989 0994.2 0999.4 31.3 32.1 079 085 30.0 25.6 018.2 
16 06 1989 0998.6 1002.3 34.6 28.9 082 075 32.0 26.3 000.0
17 06 1989 0999.6 1002.9 34.4 29.3 075 081 31.9 22.6 062.0
18 06 1989 1001.2 1002.7 29.7 31.7 081 082 27.7 24.2 008.6
19 06 1989 1000.2 1001.8 32.1 30.7 077 075 31.0 25.8 000.0
20 06 1989 0997.2 0997.8 31.9 32.2 083 083 33.4 25.5 008.3
21 06 1989 0994.4 0996.8 33.0 31.9 089 087 31.3 25.1 025.7
22 06 1989 0995.7 1001.0 32.4 31.5 085 085 29.3 24.6 045.9
23 06 1989 0999.9 1003.5 32.8 34.4 076 081 32.9 26.8 000.0
24 06 1989 0999.9 1002.0 32.4 34.0 070 075 33.6 27.4 000.0
25 06 1989 0998.8 1001.7 33.4 31.9 077 071 32.2 27.1 006.0
26 06 1989 0997.8 1001.3 35.2 34.0 077 079 33.2 27.1 006.0
27 06 1989 0998.5 1000.9 33.4 31.7 086 075 34.0 26.2 001.0
28 06 1989 0997.7 0999.7 28.6 32.1 062 075 33.1 27.1 000.0
29 06 1989 0998.0 1000.4 32.6 33.2 077 078 32.8 26.4 003.9
30 06 1989 0996.7 0998.9 31.5 33.6 074 078 32.5 25.4 010.7
01 07 1989 0996.9 0999.3 33.4 32.1 079 085 32.4 27.4 007.8
02 07 1989 0997.6 0998.8 35.7 33.6 092 092 29.3 26.5 004.6
03 07 1989 0997.8 1001.1 34.4 33.0 085 081 30.8 27.0 000.5
04 07 1989 0998.2 1001.4 33.8 33.2 080 078 32.7 25.9 002.2
05 07 1989 0999.5 1003.1 31.9 36.3 093 091 32.2 25.5 002.6
06 07 1989 1001.3 1005.4 33.2 35.0 097 086 31.0 26.2 047.8
07 07 1989 1002.3 1004.4 33.2 33.8 082 086 31.7 25.3 002.9
08 07 1989 1001.8 1005.5 34.0 32.4 085 076 31.4 26.9 000.2
09 07 1989 1003.0 1007.3 31.9 32.4 074 073 32.7 26.6 047.8
10 07 1989 1003.0 1004.8 33.4 33.6 074 075 34.0 27.4 000.0
11 07 1989 1000.2 1002.2 35.4 33.0 076 073 34.7 27.5 000.0
12 07 1989 1000.3 1001.7 30.7 33.8 084 080 34.5 24.6 022.2
13 07 1989 0999.4 1002.2 35.9 34.8 089 081 34.0 26.6 031.2
14 07 1989 1001.2 1004.5 32.2 33.4 093 087 31.7 24.5 025.4
15 07 1989 1003.6 1007.3 32.2 33.2 083 082 29.8 25.1 015.1
16 07 1989 1003.3 1006.1 29.5 32.4 061 073 33.4 26.8 000.0
17 07 1989 1002.4 1004.9 33.4 32.4 077 073 33.0 26.6 000.8
18 07 1989 1000.8 1001.7 30.4 31.3 064 073 33.7 27.6 000.0
19 07 1989 0997.6 1000.7 35.7 36.9 075 088 34.7 24.1 040.8
20 07 1989 0997.2 0998.8 33.7 31.3 081 075 33.0 24.6 025.2
21 07 1989 0995.8 1000.1 33.6 34.4 075 079 33.4 27.6 000.0
22 07 1989 0997.9 0999.5 32.1 32.4 070 078 33.2 27.3 008.0
23 07 1989 0997.0 1000.1 29.7 33.0 069 081 32.8 25.7 012.3
24 07 1989 0998.4 1001.0 33.0 32.8 079 082 33.2 26.5 000.8
25 07 1989 1000.1 1002.0 31.1 34.4 078 081 31.9 25.8 021.6
26 07 1989 0998.4 0998.7 32.6 34.2 071 076 33.2 26.8 001.8
27 07 1989 0995.5 0996.8 34.0 33.6 079 078 34.3 26.4 000.6
28 07 1989 0992.7 0997.7 34.4 32.8 075 089 33.5 25.6 002.1
29 07 1989 0997.0 1000.7 32.4 31.1 079 095 31.4 25.4 042.2
30 07 1989 0999.5 1002.7 31.9 30.5 093 083 26.6 25.5 033.6
31 07 1989 1000.4 1003.0 29.3 31.9 077 095 30.7 25.0 011.6
01 08 1989 0999.2 0999.9 30.0 30.5 095 096 26.5 23.9 035.9
02 08 1989 0998.5 1000.3 30.9 31.7 092 092 26.4 24.2 016.6
03 08 1989 0997.5 0999.0 33.6 25.5 082 090 31.5 25.3 007.7
04 08 1989 0996.2 0996.4 32.6 33.0 096 087 31.0 25.6 031.5
05 08 1989 0993.9 0996.7 33.4 33.4 086 086 31.0 25.7 014.2
06 08 1989 0996.7 1001.2 32.8 33.8 078 080 32.6 25.2 010.2
07 08 1989 0998.8 1002.9 30.4 31.5 075 074 31.6 25.6 000.0
08 08 1989 0999.7 1002.7 32.2 34.0 077 079 32.8 26.6 000.4
09 08 1989 0999.3 1002.7 33.2 33.8 078 077 31.7 26.7 000.0
10 08 1989 0999.1 1001.8 32.1 32.6 075 075 33.6 26.8 002.1
11 08 1989 0998.6 1001.5 31.2 33.3 078 078 33.5 26.7 000.0
12 08 1989 0997.9 0999.5 32.4 31.5 082 078 32.8 26.0 000.7
13 08 1989 0996.9 1001.9 30.2 33.4 070 083 31.5 26.4 002.7
14 08 1989 0999.5 1003.6 31.1 34.0 074 079 33.0 26.7 000.2
15 08 1989 1000.0 1002.8 31.1 33.2 072 078 33.4 26.8 002.1
16 08 1989 1001.0 1004.4 33.8 33.8 094 083 32.5 26.3 015.8
17 08 1989 1001.2 1005.0 31.5 32.8 078 078 32.5 26.3 000.0
18 08 1989 1002.6 1005.0 32.1 31.5 086 074 31.2 24.8 002.4
19 08 1989 1001.5 1003.9 31.5 34.0 074 085 32.6 26.4 001.9
20 08 1989 1000.9 1004.2 30.7 33.6 069 075 33.2 27.2 000.2
21 08 1989 1001.3 1004.4 33.6 32.8 075 076 33.8 27.0 005.4
22 08 1989 1001.4 1004.0 32.8 32.8 078 076 33.4 26.8 002.0
23 08 1989 0999.8 1001.0 32.8 32.2 076 081 33.0 26.6 000.0
24 08 1989 0998.5 1000.8 34.4 33.2 089 085 31.8 26.3 008.9
25 08 1989 0997.6 1002.2 34.4 34.4 089 085 31.4 26.5 004.1
26 08 1989 0999.6 1004.0 34.4 34.2 081 083 33.0 26.8 000.5
27 08 1989 0999.7 1002.9 34.6 33.8 074 077 33.8 27.3 001.8
29 08 1989 0997.0 1001.2 32.1 31.8 074 081 34.1 27.1 007.8
30 08 1989 0997.2 1002.4 33.2 33.2 070 078 34.4 27.2 000.0
31 08 1989 0999.1 1004.3 33.4 33.2 086 076 32.4 26.2 016.6
01 09 1989 1001.9 1007.7 31.1 30.5 072 086 32.9 26.6 000.1
02 09 1989 1003.4 1006.8 34.8 35.0 092 083 32.0 24.7 012.2
03 09 1989 1003.2 1005.0 34.2 34.2 080 076 33.5 27.4 000.9
04 09 1989 1000.8 1002.5 32.6 33.8 071 071 34.8 28.2 000.0
05 09 1989 0999.0 1001.7 31.5 33.4 085 083 33.0 27.0 000.3
06 09 1989 0999.2 1002.4 28.9 32.6 095 083 29.8 23.4 013.5
07 09 1989 0999.9 1002.4 32.4 32.6 072 074 34.0 26.6 000.0
08 09 1989 0999.4 1003.1 32.1 34.4 092 088 34.0 25.1 051.0
09 09 1989 0999.8 1003.4 31.5 32.2 066 071 34.0 27.0 000.0
10 09 1989 0999.8 1003.4 31.5 32.2 066 071 34.0 27.0 000.0
11 09 1989 1000.3 1002.2 32.4 33.0 089 083 33.6 26.0 095.0
12 09 1989 0998.8 1000.7 33.4 32.2 086 093 31.9 25.6 005.3
13 09 1989 0998.8 1002.1 32.8 32.6 085 095 29.3 25.0 018.0
14 09 1989 0999.8 1004.0 32.1 33.4 092 093 27.5 25.4 012.8
15 09 1989 1001.6 1005.8 31.9 33.0 078 077 31.0 26.4 000.5
16 09 1989 1002.3 1006.3 32.8 32.4 076 072 33.4 26.6 000.0
17 09 1989 1003.0 1008.1 33.4 31.9 083 072 33.8 26.8 000.0
18 09 1989 1003.5 1007.2 32.1 32.1 073 075 34.0 27.2 000.0
16 09 1989 1002.3 1006.3 32.8 32.4 076 072 33.4 26.6 000.0
20 09 1989 1005.8 1009.8 27.5 33.6 076 075 33.2 26.6 000.4
21 09 1989 1007.9 1009.5 32.6 33.8 093 077 32.1 25.1 063.0
22 09 1989 1004.6 1007.5 32.1 33.2 075 078 34.4 24.5 000.0
23 09 1989 1004.3 1008.4 31.3 34.0 089 079 33.0 25.2 014.0
24 09 1989 1005.4 1007.7 28.8 32.1 090 086 31.0 24.8 002.8
25 09 1989 1002.8 1006.0 33.0 32.4 087 085 32.2 25.6 000.0
26 09 1989 1002.2 1005.6 32.6 32.4 090 092 32.7 25.3 016.0
27 09 1989 1001.4 1005.5 32.1 30.9 085 092 29.1 24.6 032.3
28 09 1989 1003.4 1008.4 30.4 30.4 087 090 29.6 23.8 031.5
29 09 1989 1006.3 1010.4 30.2 33.2 086 082 31.2 25.5 007.0
30 09 1989 1006.7 1010.5 30.0 32.1 078 075 31.8 26.2 002.6
01 10 1989 1006.4 1009.5 32.1 35.2 075 081 32.4 27.1 000.0
02 10 1989 1005.2 1008.6 29.8 34.2 063 077 34.7 27.1 000.0
03 10 1989 1004.2 1008.1 35.9 33.8 083 077 34.4 27.0 004.2
04 10 1989 1004.0 1007.3 31.9 32.2 065 071 34.7 26.4 002.3
05 10 1989 1003.4 1006.6 36.1 33.8 085 080 33.8 25.0 025.6
06 10 1989 1002.4 1007.6 31.5 32.1 090 089 34.1 23.5 021.9
07 10 1989 1003.8 1007.4 32.8 31.3 085 075 31.2 25.6 000.0
08 10 1989 1003.8 1006.5 31.9 32.8 083 085 32.8 25.7 000.0
09 10 1989 1003.6 1006.1 30.7 30.9 084 073 30.9 26.0 000.0
10 10 1989 1005.4 1008.0 30.2 30.5 093 079 32.7 24.6 003.0
11 10 1989 1005.1 1008.7 31.9 31.5 087 087 32.2 24.1 066.6
12 10 1989 1006.2 1010.3 30.7 31.9 074 078 32.6 25.1 000.0
13 10 1989 1006.5 1010.0 29.3 30.7 077 074 32.4 25.1 000.0
14 10 1989 1005.8 1008.2 29.5 30.5 071 076 32.3 25.0 000.0
15 10 1989 1004.3 1007.2 28.8 30.4 071 075 32.3 24.8 000.0
16 10 1989 1004.3 1008.0 28.6 31.3 068 075 33.0 26.0 000.0
17 10 1989 1006.1 1009.1 28.4 29.7 093 090 33.4 23.6 092.2
18 10 1989 1005.3 1005.7 28.8 30.4 090 093 28.3 23.2 029.4
19 10 1989 1004.7 1010.3 31.3 31.5 082 085 30.8 23.8 000.2
20 10 1989 1008.1 1012.5 31.1 31.7 078 092 31.8 24.3 001.0
21 10 1989 1008.8 1012.9 30.5 28.3 076 073 31.6 24.0 000.0
22 10 1989 1010.3 1013.0 27.7 25.8 072 064 31.5 24.4 000.0
23 10 1989 1009.0 1011.6 27.9 29.7 073 090 31.4 24.1 002.4
24 10 1989 1009.3 1012.2 27.3 26.9 085 091 30.6 21.6 009.3
25 10 1989 1009.2 1011.7 27.4 26.9 087 088 26.6 23.3 000.0
26 10 1989 1008.7 1012.3 28.9 29.8 087 086 27.7 23.5 000.0
27 10 1989 1009.9 1013.6 30.0 30.0 078 090 30.4 23.5 000.0
28 10 1989 1009.1 1013.7 28.1 30.0 074 084 31.4 22.8 000.0
29 10 1989 1009.7 1013.4 25.6 25.0 066 066 32.2 23.0 000.0
30 10 1989 1009.7 1013.9 26.1 22.9 067 061 32.6 21.8 000.0
31 10 1989 1010.9 1014.2 23.2 23.7 062 068 31.6 21.6 000.0
01 11 1989 1011.8 1015.4 23.4 23.7 063 070 31.2 21.5 000.0
02 11 1989 1011.6 1015.1 23.9 25.6 070 071 30.8 21.4 000.0
03 11 1989 1011.4 1014.2 24.3 18.9 066 052 30.5 21.0 000.0
04 11 1989 1010.9 1013.5 30.6 24.9 056 070 32.1 20.0 000.0
05 11 1989 1009.8 1013.0 19.5 18.6 053 054 32.5 20.2 000.0
06 11 1989 1009.2 1013.3 22.5 19.1 059 055 33.0 20.6 000.0
07 11 1989 1010.9 1016.0 24.0 21.6 059 059 33.0 21.6 000.0
08 11 1989 1013.7 1017.7 17.4 18.3 049 057 31.4 18.8 000.0
09 11 1989 1013.8 1016.6 16.9 16.7 053 060 29.5 16.8 000.0
10 11 1989 1012.9 1014.9 15.5 15.7 053 057 29.6 16.0 000.0
11 11 1989 1009.9 1013.3 19.4 18.1 061 065 29.0 16.8 000.0
12 11 1989 1009.9 1014.8 20.2 20.4 064 072 28.8 17.3 000.0
13 11 1989 1011.1 1015.8 21.6 19.5 066 062 29.4 18.8 000.0
14 11 1989 1011.8 1015.4 22.2 22.2 068 068 30.5 19.4 000.0
15 11 1989 1011.4 1014.2 22.1 23.8 065 080 30.0 19.0 000.0
16 11 1989 1010.9 1015.2 19.1 26.3 055 082 32.0 18.6 000.0
17 11 1989 1011.7 1016.2 23.4 26.1 065 090 33.0 21.6 000.0
18 11 1989 1012.2 1016.9 22.4 23.8 063 083 30.6 19.4 000.0
19 11 1989 1012.7 1016.9 15.9 16.4 049 068 29.0 16.5 000.0
20 11 1989 1012.8 1017.3 19.6 21.1 061 072 29.8 18.8 000.0
21 11 1989 1013.5 1017.9 24.0 22.9 071 086 29.4 19.2 000.0
22 11 1989 1014.3 1017.7 19.5 20.2 062 069 29.6 18.0 000.0
23 11 1989 1013.5 1017.4 17.3 17.8 055 064 30.0 16.7 000.0
24 11 1989 1013.9 1017.1 17.7 18.2 059 064 28.3 16.8 000.0
25 11 1989 1013.6 1019.1 17.9 17.1 060 059 28.6 16.2 000.0
26 11 1989 1016.2 1019.7 18.9 19.5 059 071 28.8 16.6 000.0
27 11 1989 1015.7 1018.9 16.7 18.3 058 059 29.6 17.0 000.0
28 11 1989 1014.8 1017.0 19.0 19.7 058 071 30.8 19.0 000.0
29 11 1989 1016.3 1020.4 18.5 19.4 051 072 27.8 17.3 000.0
30 11 1989 1017.1 1022.2 19.0 18.1 061 067 28.4 17.7 000.0
01 12 1989 1019.0 1023.0 16.2 16.2 051 061 28.7 17.4 000.0
02 12 1989 1019.2 1021.6 16.8 16.4 057 069 27.9 15.1 000.0
03 12 1989 1017.2 1020.5 16.0 14.5 054 060 28.0 14.5 000.0
04 12 1989 1016.4 1020.2 15.6 14.1 055 057 28.0 13.2 000.0
05 12 1989 1016.1 1019.2 13.3 12.7 050 053 27.3 14.1 000.0
06 12 1989 1016.0 1020.4 15.6 14.0 058 069 26.4 12.1 000.0
07 12 1989 1016.1 1019.3 14.6 10.9 059 067 25.6 11.5 000.0
08 12 1989 1014.6 1019.6 14.4 14.1 057 062 26.0 12.0 000.0
09 12 1989 1016.1 1018.9 15.0 13.8 059 067 26.3 11.4 000.0
10 12 1989 1015.2 1018.2 15.6 16.2 062 078 26.7 12.0 000.0
11 12 1989 1014.2 1018.5 15.4 14.5 058 068 27.3 12.6 000.0
12 12 1989 1015.0 1018.4 15.4 15.7 060 073 27.6 12.8 000.0
13 12 1989 1015.2 1019.7 16.0 16.8 060 079 27.2 13.4 000.0
14 12 1989 1017.6 1020.2 16.6 15.4 065 065 26.3 12.5 000.0
15 12 1989 1017.4 1019.6 14.9 15.0 060 068 26.0 13.8 000.0
16 12 1989 1016.0 1019.1 15.3 15.0 063 064 26.6 13.0 000.0
17 12 1989 1015.8 1019.3 15.2 14.4 058 057 26.6 14.8 000.0
18 12 1989 1016.5 1019.9 16.2 16.0 057 063 27.4 15.4 000.0
19 12 1989 1016.6 1019.9 17.3 14.6 061 062 28.4 14.3 000.0
20 12 1989 1016.0 1017.9 16.2 18.1 061 075 27.5 14.0 000.0
21 12 1989 1013.7 1016.1 17.4 18.8 062 085 27.8 14.7 000.0
22 12 1989 1012.9 1015.4 18.3 19.4 065 085 27.3 14.6 000.0
23 12 1989 1012.7 1013.5 19.3 21.3 064 089 28.4 13.4 000.0
24 12 1989 1011.4 1016.1 18.8 18.5 063 090 28.6 16.4 000.0
25 12 1989 1013.0 1016.6 18.6 18.2 064 086 27.4 15.9 000.0
26 12 1989 1012.3 1015.7 20.5 14.8 070 073 27.6 17.1 000.0
27 12 1989 1012.8 1016.1 15.9 16.9 085 082 18.5 12.9 001.8
28 12 1989 1012.7 1019.2 16.3 15.3 071 078 23.2 13.2 000.0
29 12 1989 1015.2 1020.2 14.3 13.1 062 070 24.6 10.5 000.0
30 12 1989 1015.6 1019.6 13.6 13.3 063 080 23.0 09.3 000.0
31 12 1989 1013.8 1015.9 12.1 11.5 057 061 22.3 12.4 000.0


